{"agreement": [[0.11293620284461978, 0.8832044725574566, 0.003859324597923493], [0.1488158935812265, 0.8093897333119111, 0.041794373106862626], [0.0, 0.00125, 0.99875], [0.1819719270614851, 0.8067704141923311, 0.011257658746183447], [0.10757339560205781, 0.2601437761151139, 0.6322828282828283], [0.005222222222222223, 0.00125, 0.9935277777777778], [0.003333333333333333, 0.005555555555555556, 0.9911111111111112], [0.11590739064856713, 0.06833363499245851, 0.8157589743589745], [0.977728456113449, 0.021260049633677426, 0.0010114942528735632], [0.0032, 0.008910638297872342, 0.9878893617021276], [0.0, 0.0, 1.0], [0.9480385171144446, 0.05051092746973003, 0.0014505554158253582], [0.9417503283375345, 0.05803788322678637, 0.00021178843567906766], [0.8729350158523652, 0.12492573141380169, 0.0021392527338330207], [0.0011111111111111111, 0.01, 0.9888888888888888], [0.9492571823899105, 0.04859781774981976, 0.0021449998602698023], [0.8586991450328564, 0.11825320076394216, 0.023047654203201425], [0.00022222222222222223, 0.0, 0.9997777777777778], [0.00022222222222222223, 0.0, 0.9997777777777778], [0.8004285467519341, 0.17705681358232403, 0.022514639665741694], [0.8630962847362514, 0.13631463480397848, 0.000589080459770115], [0.9719787576307378, 0.026901052464214762, 0.0011201899050474761], [0.00022222222222222223, 0.0, 0.9997777777777778], [0.9643269006905905, 0.0256730993094095, 0.01], [0.1204652620938283, 0.8739026860355207, 0.0056320518706507675], [0.15039484138486028, 0.8477355938040408, 0.0018695648110987264], [0.5997537689482819, 0.20227919224257407, 0.19796703880914407], [0.233451073211056, 0.7607477285100803, 0.0058011982788636176], [0.8919956293567439, 0.10628178457608982, 0.0017225860671663542], [0.18429675636996856, 0.8143214836969811, 0.0013817599330499459], [0.949966142832548, 0.049103061201798616, 0.0009307959656535369], [0.9610107526751794, 0.03760262963710073, 0.001386617687719714], [0.09288122775180627, 0.9027340853314298, 0.004384686916764073], [0.9700645206009, 0.02983238661559483, 0.00010309278350515463], [0.8854534463287067, 0.07454655367129341, 0.04], [0.9752898426834914, 0.024607064533003386, 0.00010309278350515463], [0.00022222222222222223, 0.0, 0.9997777777777778], [0.16051763051243736, 0.8376128046764637, 0.0018695648110987264], [0.9851367482645818, 0.01486325173541819, 0.0], [0.09127818568271548, 0.9023371274005205, 0.006384686916764075], [0.006936263736263737, 0.011767781155015198, 0.981295955108721], [0.00022222222222222223, 0.0, 0.9997777777777778], [0.00022222222222222223, 0.0, 0.9997777777777778], [0.9765370445487761, 0.023462955451223722, 0.0], [0.51372289702636, 0.3266560991640379, 0.15962100380960206], [0.7313200084415421, 0.11301332489179122, 0.15566666666666668], [0.00022222222222222223, 0.0, 0.9997777777777778], [0.9424825660318541, 0.057305645532466754, 0.00021178843567906766], [0.9123859176291168, 0.0876140823708832, 0.0], [0.13340875446711065, 0.8525411409026479, 0.014050104630241216], [0.9869914231239667, 0.01300857687603328, 0.0], [0.00022222222222222223, 0.0, 0.9997777777777778], [0.023252525252525254, 0.020025252525252526, 0.9567222222222221], [0.8742576759298606, 0.12563362841796546, 0.00010869565217391303], [0.9730900535583666, 0.026103330419747457, 0.0008066160218859642], [0.14979484138486032, 0.8483355938040408, 0.0018695648110987264], [0.945554688537623, 0.034445311462376685, 0.02], [0.19510068055209706, 0.8010297546368039, 0.003869564811098727], [0.13411009962482306, 0.8604302622976293, 0.0054596380775473186], [0.00022222222222222223, 0.0, 0.9997777777777778], [0.08828795576698267, 0.9056633256957001, 0.006048718537317433], [0.8653638641177892, 0.08011889450290059, 0.05451724137931034], [0.00022222222222222223, 0.0, 0.9997777777777778], [0.8880314081565078, 0.0718598961913183, 0.04010869565217392], [0.0013333333333333333, 0.011805555555555555, 0.9868611111111111], [0.4576027127437128, 0.5329088881763504, 0.00948839907993677], [0.4257696107074128, 0.5450803587520178, 0.029150030540569357], [0.9022258420716754, 0.09767106514481931, 0.00010309278350515463], [0.9726310003962609, 0.02719658581063544, 0.00017241379310344826]], "correctPredictions": {"1": 16, "2": 21, "0": 31}, "wrongPredictions": {"count": 1, "1": {"count": 1, "0": 1}, "2": {"count": 0}, "0": {"count": 0}}, "accuracy": 0.9855072463768116}